coef_ =  [ 0.70276928 -1.39167064  0.88047586  0.27116754 -1.16277677  1.32846341]
intercept_ =   2.9421883871431826
